0000000000000000000000000000000000000000000000000000000000000000000000
0000000000000000000000000000000000000000000000000000000000000000000000
0000000000000000000000000000000000000000000000000000000000000000000000
0000000000000000000000000000000000000000000000000000000000000000000000
0000000000000000000000000000000000000000000000000000000000000000000000
0000000000000000000000000000000000000000000000000000000000000000000000
0000000000000000000000000000000000000000000000000000000000000000000000
0000000000000000000000000000000000000000000000000000000000000000000000
0000000000000000000000000000000000000000000000000000000000000000000000
0000000000000000000000000000000000000000000000000000000000000000000000
00000a0000000000000000000000000000000000000000000000000b0v00000c0c0c00
0000000000000000000000000000000000000000000000000000xm0f0f00000n0b0m00
0000000000000000000000000000000000000000000000000000000000000000000000
00d00000000000000000000000cc000000000000000000000000000000000000000000
00a0000000000000000000000m00m00000000000000000000000000000000000000000
0000000000000000000000000000000000000000000000000000000000000000000000
000000c0c0vcn000000000000000000000000000000000000000000000000000000000
00000x0a0zfmffa0000000000000000000000000000000000000000000000000000000
0000000000000000000000000000000000000000000000000000000000000000000000
0000000000000000000000000000000000000000000000000000000000000000000000